{
  "video_path": "input.mp4",
  "K": [
    [
      1000.0,
      0.0,
      960.0
    ],
    [
      0.0,
      1000.0,
      540.0
    ],
    [
      0.0,
      0.0,
      1.0
    ]
  ],
  "poses": [
    {
      "frame": 0,
      "R": [
        [
          -0.6300418227930524,
          -0.23650627528305224,
          -0.7396702530745343
        ],
        [
          -0.23394294207410082,
          -0.8504393297191228,
          0.47119385216766496
        ],
        [
          -0.7404849771503277,
          0.46991246867754666,
          0.4804833716124335
        ]
      ],
      "t": [
        -0.42854858998975365,
        0.2734791446665357,
        0.8611360307467422
      ],
      "num_matches": 366,
      "num_inliers": 0
    },
    {
      "frame": 1,
      "R": [
        [
          -0.6277828402295913,
          -0.23787718515723769,
          -0.7411498838257596
        ],
        [
          -0.23348558988735815,
          -0.8507661041504598,
          0.4708306652540823
        ],
        [
          -0.7425450725903574,
          0.4686272301203998,
          0.47855546633745827
        ]
      ],
      "t": [
        0.24163928601136275,
        -0.4519937534302821,
        0.7044922150752737
      ],
      "num_matches": 347,
      "num_inliers": 765
    },
    {
      "frame": 2,
      "R": [
        [
          -0.6249337708090642,
          -0.24012399550581898,
          -0.7428312384954515
        ],
        [
          -0.2329019578440969,
          -0.8508449561464908,
          0.47097721668087406
        ],
        [
          -0.7451271436035264,
          0.46733641777888174,
          0.47579639813984703
        ]
      ],
      "t": [
        -0.56156545058979,
        0.1232821601211837,
        0.8591524051339974
      ],
      "num_matches": 357,
      "num_inliers": 0
    },
    {
      "frame": 3,
      "R": [
        [
          -0.6218894749495024,
          -0.24194036416467116,
          -0.7447941602448958
        ],
        [
          -0.23243277602187445,
          -0.8511928432816631,
          0.4705802250167799
        ],
        [
          -0.7478158099276835,
          0.46576346328790547,
          0.47311299991466965
        ]
      ],
      "t": [
        0.08865978780617711,
        -0.07740569258476623,
        0.12639628941118541
      ],
      "num_matches": 362,
      "num_inliers": 510
    },
    {
      "frame": 4,
      "R": [
        [
          0.6627554040962925,
          0.17382928606135153,
          0.7283808438231759
        ],
        [
          0.7336849192810794,
          0.04393896430483857,
          -0.6780677006282881
        ],
        [
          -0.149872324198552,
          0.9837950735408362,
          -0.09841513966918478
        ]
      ],
      "t": [
        0.6115512621788857,
        -0.721639200497678,
        -0.43176828605967
      ],
      "num_matches": 349,
      "num_inliers": 0
    },
    {
      "frame": 5,
      "R": [
        [
          0.6632007822885985,
          0.17037079072083733,
          0.7287925054780333
        ],
        [
          0.7339227717089685,
          0.042828242511483865,
          -0.6778813368211302
        ],
        [
          -0.146704081534279,
          0.9844488484997757,
          -0.09663527900642384
        ]
      ],
      "t": [
        1.313793973437551,
        -1.4300277664607481,
        -0.5027669768705887
      ],
      "num_matches": 333,
      "num_inliers": 510
    },
    {
      "frame": 6,
      "R": [
        [
          0.4535498774722932,
          -0.0736623350158991,
          -0.8881814955541879
        ],
        [
          0.8899070719463237,
          0.09172943574538067,
          0.446823358742307
        ],
        [
          0.04855833548206859,
          -0.9930556736748649,
          0.10715650720964791
        ]
      ],
      "t": [
        1.0747379121440246,
        -1.9877066846962264,
        0.2921207030657237
      ],
      "num_matches": 340,
      "num_inliers": 0
    },
    {
      "frame": 7,
      "R": [
        [
          0.6538793299561845,
          -0.5840285185977481,
          0.4809911759279706
        ],
        [
          0.015018655321205096,
          -0.6255837121563811,
          -0.7800124736675599
        ],
        [
          0.7564497748353123,
          0.5172578743230133,
          -0.40028493551774297
        ]
      ],
      "t": [
        1.4304503475043084,
        -2.7056330405103095,
        0.8904938399607285
      ],
      "num_matches": 349,
      "num_inliers": 0
    },
    {
      "frame": 8,
      "R": [
        [
          0.6500127639306686,
          -0.5867705973184786,
          0.482890953373252
        ],
        [
          0.014256811153591823,
          -0.625918988300062,
          -0.7797577594491508
        ],
        [
          0.7597895432703349,
          0.5137369815459486,
          -0.3984898539851606
        ]
      ],
      "t": [
        1.0756313144833878,
        -1.900919844926384,
        1.366456156388414
      ],
      "num_matches": 341,
      "num_inliers": 1530
    },
    {
      "frame": 9,
      "R": [
        [
          -0.9311257466822234,
          0.364641066079051,
          -0.0064604020156175754
        ],
        [
          0.3594107790176952,
          0.9204875223793143,
          0.15338387486918978
        ],
        [
          0.06187677909656672,
          0.14049773689538556,
          -0.9881455612084241
        ]
      ],
      "t": [
        1.4933059201221468,
        -1.513784453429869,
        0.5444621707319807
      ],
      "num_matches": 347,
      "num_inliers": 0
    },
    {
      "frame": 10,
      "R": [
        [
          0.7415740958931238,
          -0.6088723178915102,
          0.28167776058062144
        ],
        [
          0.1843917511047809,
          -0.21870958504346394,
          -0.9582096845339386
        ],
        [
          0.6450329777808324,
          0.762522536005026,
          -0.04991832989652359
        ]
      ],
      "t": [
        1.1910396721857976,
        -2.423981358542483,
        0.8276170917238315
      ],
      "num_matches": 352,
      "num_inliers": 0
    },
    {
      "frame": 11,
      "R": [
        [
          0.7377033659033103,
          -0.6133928973500342,
          0.2820335040654834
        ],
        [
          0.18441597118538314,
          -0.21877853342354966,
          -0.9581892834324514
        ],
        [
          0.6494493771701374,
          0.758870942119653,
          -0.04827421361091943
        ]
      ],
      "t": [
        1.3895170364720903,
        -3.4040855493474544,
        0.8292017154965018
      ],
      "num_matches": 347,
      "num_inliers": 510
    },
    {
      "frame": 12,
      "R": [
        [
          0.7342108956118362,
          -0.6178825259280372,
          0.28134595237474497
        ],
        [
          0.18336185497908428,
          -0.21853498315797606,
          -0.9584471249238397
        ],
        [
          0.6536916634801881,
          0.7552904377052118,
          -0.04715467959360767
        ]
      ],
      "t": [
        1.3094540061351747,
        -2.46673824065756,
        0.4901295490406219
      ],
      "num_matches": 338,
      "num_inliers": 510
    },
    {
      "frame": 13,
      "R": [
        [
          0.7298086274747618,
          -0.6228895109500816,
          0.28175880538462444
        ],
        [
          0.18307116335912701,
          -0.21902466248540425,
          -0.9583909152164856
        ],
        [
          0.6586837757298573,
          0.7510238707068648,
          -0.04581298089776635
        ]
      ],
      "t": [
        1.2127065444577054,
        -1.4789637022187683,
        0.3678945709410575
      ],
      "num_matches": 348,
      "num_inliers": 765
    },
    {
      "frame": 14,
      "R": [
        [
          0.14142507537784818,
          -0.8042930816117158,
          -0.5771581992191567
        ],
        [
          0.270523614318714,
          -0.5294275642860933,
          0.8040668058501325
        ],
        [
          -0.9522688287192383,
          -0.26985013071262903,
          0.14270593822286654
        ]
      ],
      "t": [
        1.1383304544328636,
        -1.7108992200317616,
        -0.601988985373533
      ],
      "num_matches": 347,
      "num_inliers": 0
    },
    {
      "frame": 15,
      "R": [
        [
          0.14787707319471857,
          -0.8024639628858351,
          -0.5780864636824886
        ],
        [
          0.2710616521451671,
          -0.5292458624189436,
          0.8040052225258004
        ],
        [
          -0.9511350860733174,
          -0.2755910110689181,
          0.13925387843186446
        ]
      ],
      "t": [
        1.6817295381137796,
        -1.200496539353368,
        -1.268477199381139
      ],
      "num_matches": 346,
      "num_inliers": 0
    },
    {
      "frame": 16,
      "R": [
        [
          0.15414648137480574,
          -0.8008893132791703,
          -0.5786321544426871
        ],
        [
          0.2717301739015216,
          -0.5286865141177681,
          0.804147550130853
        ],
        [
          -0.9499481958881844,
          -0.28118833131056636,
          0.13613062647165364
        ]
      ],
      "t": [
        2.419091971826398,
        -1.8615389981809372,
        -1.4074718358841698
      ],
      "num_matches": 353,
      "num_inliers": 510
    },
    {
      "frame": 17,
      "R": [
        [
          0.16068320970228772,
          -0.7988526292153099,
          -0.5796683387209939
        ],
        [
          0.2726411896151229,
          -0.528524331369035,
          0.803945777323425
        ],
        [
          -0.9486030190996769,
          -0.2872220533780441,
          0.13287514518629892
        ]
      ],
      "t": [
        2.604496971301642,
        -0.8832409653462318,
        -1.3149626735199444
      ],
      "num_matches": 348,
      "num_inliers": 0
    },
    {
      "frame": 18,
      "R": [
        [
          -0.5609004010259995,
          0.5956863439007268,
          0.5749334916484315
        ],
        [
          -0.24885858714487868,
          0.5410282590798277,
          -0.8033416623587417
        ],
        [
          -0.7895949238268497,
          -0.5936717970118124,
          -0.15522130555964078
        ]
      ],
      "t": [
        3.0327897598987823,
        -1.729194699279014,
        -1.6326536669095457
      ],
      "num_matches": 351,
      "num_inliers": 0
    },
    {
      "frame": 19,
      "R": [
        [
          -0.5566567278189481,
          0.5988645112771726,
          0.5757556638945499
        ],
        [
          -0.24936836026202264,
          0.5406453779376338,
          -0.8034413458460449
        ],
        [
          -0.7924321474259685,
          -0.5908162763900682,
          -0.15161602579689593
        ]
      ],
      "t": [
        2.8741782483624325,
        -1.3416098752160406,
        -2.540739782079374
      ],
      "num_matches": 347,
      "num_inliers": 0
    },
    {
      "frame": 20,
      "R": [
        [
          -0.5510476476454199,
          0.6028133217018967,
          0.5770291060277409
        ],
        [
          -0.2491533158204836,
          0.5410932242493229,
          -0.8032065412377632
        ],
        [
          -0.7964101426024832,
          -0.5863737902142253,
          -0.14797521045667797
        ]
      ],
      "t": [
        2.645509629452295,
        -0.37476462924972165,
        -2.6544100643789266
      ],
      "num_matches": 341,
      "num_inliers": 0
    },
    {
      "frame": 21,
      "R": [
        [
          -0.5449604673403659,
          0.6074151705045846,
          0.5779834769931187
        ],
        [
          -0.24844637480574133,
          0.5413991658137701,
          -0.8032193611349512
        ],
        [
          -0.8008073974945886,
          -0.581320697977492,
          -0.14413104530568163
        ]
      ],
      "t": [
        3.0346644551706605,
        -1.2391885761689463,
        -2.3360867042359734
      ],
      "num_matches": 347,
      "num_inliers": 0
    },
    {
      "frame": 22,
      "R": [
        [
          -0.5388833421407523,
          0.6111455033238887,
          0.5797464250258054
        ],
        [
          -0.24785001189849878,
          0.5427302502464486,
          -0.8025049825822527
        ],
        [
          -0.8050932338339005,
          -0.5761467254392896,
          -0.1409958708631537
        ]
      ],
      "t": [
        3.7121899158909524,
        -1.8927455599129557,
        -2.673462635616964
      ],
      "num_matches": 345,
      "num_inliers": 1020
    },
    {
      "frame": 23,
      "R": [
        [
          -0.5325387282254501,
          0.6148038915090297,
          0.5817376366759953
        ],
        [
          -0.24780552002340459,
          0.5439362026597852,
          -0.8017018346505033
        ],
        [
          -0.8093175688108784,
          -0.5710950730144718,
          -0.13731529555241528
        ]
      ],
      "t": [
        3.788047718622772,
        -2.8486932272753505,
        -2.9570285909590974
      ],
      "num_matches": 345,
      "num_inliers": 255
    },
    {
      "frame": 24,
      "R": [
        [
          -0.7952022121877662,
          -0.44538154162233845,
          -0.4114471097404803
        ],
        [
          -0.1682757705875619,
          -0.4898111074058697,
          0.8554345936978461
        ],
        [
          -0.5825261425591525,
          0.7494800607380713,
          0.31455195404131286
        ]
      ],
      "t": [
        2.867619541973449,
        -2.4578998889581594,
        -2.966648276864085
      ],
      "num_matches": 345,
      "num_inliers": 0
    },
    {
      "frame": 25,
      "R": [
        [
          -0.7927951523896842,
          -0.44867258731408644,
          -0.4125151581945846
        ],
        [
          -0.16879164925624496,
          -0.48872396085080644,
          0.855954595309621
        ],
        [
          -0.5856494049248019,
          0.7482257677220032,
          0.31172580103039493
        ]
      ],
      "t": [
        2.06821261536707,
        -3.0361354483081464,
        -3.129719438008393
      ],
      "num_matches": 350,
      "num_inliers": 0
    },
    {
      "frame": 26,
      "R": [
        [
          -0.7877303227069742,
          -0.4550736751041011,
          -0.4151974095718994
        ],
        [
          -0.16854956901468227,
          -0.4890604382820136,
          0.8558101018873114
        ],
        [
          -0.5925132753558618,
          0.7441289121749335,
          0.3085452650623822
        ]
      ],
      "t": [
        2.682777260588041,
        -3.7105692790044897,
        -3.5389251379402
      ],
      "num_matches": 352,
      "num_inliers": 1785
    },
    {
      "frame": 27,
      "R": [
        [
          0.7158229771475989,
          0.5643923338404068,
          0.4111675557357728
        ],
        [
          0.5605693592591366,
          -0.1133665039929975,
          -0.8203109344828996
        ],
        [
          -0.41636457443849556,
          0.8176853485752222,
          -0.397531397348768
        ]
      ],
      "t": [
        2.906156153836032,
        -4.398987070090967,
        -4.228985146176382
      ],
      "num_matches": 349,
      "num_inliers": 0
    },
    {
      "frame": 28,
      "R": [
        [
          0.719547402319943,
          0.55740000016608,
          0.4141941279514708
        ],
        [
          0.5604245023732758,
          -0.11387154844794248,
          -0.8203399585499509
        ],
        [
          -0.4100925663241029,
          0.8223980242369994,
          -0.39431659459980556
        ]
      ],
      "t": [
        3.5177008566483177,
        -4.7769716991888425,
        -4.9240683761769155
      ],
      "num_matches": 352,
      "num_inliers": 255
    },
    {
      "frame": 29,
      "R": [
        [
          0.7235074560147865,
          0.5501620610439146,
          0.41696362872428966
        ],
        [
          0.5601652472457779,
          -0.1149084355629069,
          -0.8203724442072411
        ],
        [
          -0.40342515646534544,
          0.8271141142698484,
          -0.39131877683866867
        ]
      ],
      "t": [
        4.114624021049829,
        -5.577402078491563,
        -4.978785317705042
      ],
      "num_matches": 349,
      "num_inliers": 1530
    },
    {
      "frame": 30,
      "R": [
        [
          0.7265772834747738,
          0.5428937205209949,
          0.4211316413632364
        ],
        [
          0.561005556030598,
          -0.1148834969511074,
          -0.8198015297808889
        ],
        [
          -0.39668402695497823,
          0.8319063591217194,
          -0.38803813267721843
        ]
      ],
      "t": [
        4.693917538907548,
        -6.091716839117532,
        -5.611161271683592
      ],
      "num_matches": 347,
      "num_inliers": 510
    },
    {
      "frame": 31,
      "R": [
        [
          0.7302446881616094,
          0.5349468386104336,
          0.4249406726502653
        ],
        [
          0.5616457882801059,
          -0.11593932355777924,
          -0.8192143075900126
        ],
        [
          -0.3889687698504494,
          0.8368930356465311,
          -0.3851147140364256
        ]
      ],
      "t": [
        4.075583884605015,
        -5.3582615604457615,
        -5.328837262528519
      ],
      "num_matches": 351,
      "num_inliers": 1020
    },
    {
      "frame": 32,
      "R": [
        [
          0.7340157696990542,
          0.5275009430546426,
          0.42774245161027824
        ],
        [
          0.5613428698050227,
          -0.11674247145518407,
          -0.8193078651383726
        ],
        [
          -0.3822499605652904,
          0.8414950685743778,
          -0.3817997082408952
        ]
      ],
      "t": [
        4.892112435777174,
        -4.8768620819605335,
        -5.647483880641509
      ],
      "num_matches": 340,
      "num_inliers": 0
    },
    {
      "frame": 33,
      "R": [
        [
          0.7381978246659673,
          0.519094333429593,
          0.43081903934218596
        ],
        [
          0.5610137107012084,
          -0.11776597462534877,
          -0.8193868388165647
        ],
        [
          -0.3746032408611734,
          0.846564969876398,
          -0.378153624489406
        ]
      ],
      "t": [
        5.701741377770078,
        -5.324353173720353,
        -6.027290014192641
      ],
      "num_matches": 351,
      "num_inliers": 255
    },
    {
      "frame": 34,
      "R": [
        [
          -0.8341788822647839,
          0.22638930271045168,
          -0.5028851519002617
        ],
        [
          -0.5338795711286791,
          -0.10287674576535748,
          0.839278844432641
        ],
        [
          0.13826856444952718,
          0.9685887975807916,
          0.20668223263276267
        ]
      ],
      "t": [
        4.902006885518553,
        -4.739107970702253,
        -5.893451326783131
      ],
      "num_matches": 351,
      "num_inliers": 0
    },
    {
      "frame": 35,
      "R": [
        [
          0.6688457955722942,
          -0.15451099234645138,
          0.7271668687374164
        ],
        [
          -0.5711935266054315,
          0.5192385325856763,
          0.6357116496040655
        ],
        [
          -0.4757974956946647,
          -0.840546072218761,
          0.25903483080138245
        ]
      ],
      "t": [
        4.738015643458674,
        -5.336296019065316,
        -5.108293185119954
      ],
      "num_matches": 346,
      "num_inliers": 0
    },
    {
      "frame": 36,
      "R": [
        [
          0.6730664532135725,
          -0.14694776405443008,
          0.7248364672102977
        ],
        [
          -0.5707846627804948,
          0.5200177605901033,
          0.6354418914467392
        ],
        [
          -0.47030460160736065,
          -0.8414201586070159,
          0.2661309797762895
        ]
      ],
      "t": [
        4.0116901568481165,
        -6.005172614940575,
        -5.266582120267884
      ],
      "num_matches": 350,
      "num_inliers": 1020
    },
    {
      "frame": 37,
      "R": [
        [
          0.6778681840583942,
          -0.1381572111788706,
          0.7220853897155457
        ],
        [
          -0.5705483904903966,
          0.5205602529073722,
          0.6352098528847213
        ],
        [
          -0.46364777487894027,
          -0.8425732063698015,
          0.27404585885855204
        ]
      ],
      "t": [
        3.3392718166626265,
        -6.735456353686189,
        -5.146003362993145
      ],
      "num_matches": 344,
      "num_inliers": 1530
    },
    {
      "frame": 38,
      "R": [
        [
          0.6824713342337447,
          -0.12955870491591168,
          0.719338181893415
        ],
        [
          -0.5700813906792905,
          0.5215675693474284,
          0.6348027084111888
        ],
        [
          -0.45742768384781696,
          -0.8433159624870892,
          0.28209590827251957
        ]
      ],
      "t": [
        4.246767282801511,
        -6.419308548476682,
        -4.869412430027906
      ],
      "num_matches": 343,
      "num_inliers": 510
    },
    {
      "frame": 39,
      "R": [
        [
          0.6868342660562806,
          -0.12098696131073787,
          0.7166734585316551
        ],
        [
          -0.5697757470566016,
          0.5225506681268124,
          0.634268395323551
        ],
        [
          -0.45123640039010754,
          -0.8439804230152583,
          0.28997026835516415
        ]
      ],
      "t": [
        3.408736639379836,
        -6.949783042773788,
        -4.74173529195501
      ],
      "num_matches": 346,
      "num_inliers": 510
    },
    {
      "frame": 40,
      "R": [
        [
          0.6914786607544713,
          -0.11212925191157413,
          0.7136415715097834
        ],
        [
          -0.5695854418830995,
          0.5229974022425743,
          0.6340710856381577
        ],
        [
          -0.4443306045232948,
          -0.8449264749747565,
          0.2977743537826874
        ]
      ],
      "t": [
        3.9470732243020636,
        -6.114321124253727,
        -4.631294791969482
      ],
      "num_matches": 345,
      "num_inliers": 255
    },
    {
      "frame": 41,
      "R": [
        [
          0.6962021297654721,
          -0.10312239910640067,
          0.7104001445048846
        ],
        [
          -0.5691259143125867,
          0.5238354255417849,
          0.63379187483378
        ],
        [
          -0.4374909006686682,
          -0.8455543848564652,
          0.3060057092312549
        ]
      ],
      "t": [
        3.0431092921156058,
        -6.541505151809478,
        -4.612241815633825
      ],
      "num_matches": 349,
      "num_inliers": 255
    },
    {
      "frame": 42,
      "R": [
        [
          -0.6541288374955666,
          -0.437596401181587,
          -0.6169480153381038
        ],
        [
          0.48841806909101004,
          0.37843930209572574,
          -0.7862769769074452
        ],
        [
          0.5775493517805272,
          -0.8156550032349593,
          -0.03381807143622603
        ]
      ],
      "t": [
        2.545070727052119,
        -7.248154488868487,
        -4.109644260781471
      ],
      "num_matches": 352,
      "num_inliers": 0
    },
    {
      "frame": 43,
      "R": [
        [
          -0.6596353928609254,
          -0.4286362896717072,
          -0.617375153097116
        ],
        [
          0.4887094802638215,
          0.3794487178598458,
          -0.7856091359033359
        ],
        [
          0.571002795427025,
          -0.8199326811946144,
          -0.04081918572838211
        ]
      ],
      "t": [
        3.0231792059467155,
        -6.521300821605143,
        -3.616596566541934
      ],
      "num_matches": 350,
      "num_inliers": 1020
    },
    {
      "frame": 44,
      "R": [
        [
          -0.16065112514251842,
          -0.24685116266431023,
          0.9556441385169073
        ],
        [
          0.7397232867051461,
          0.6108998584383266,
          0.28215389783976225
        ],
        [
          -0.6534528866694046,
          0.7522405642155363,
          0.08445980376550898
        ]
      ],
      "t": [
        3.1967177729073457,
        -6.59753064934844,
        -4.598468950887004
      ],
      "num_matches": 349,
      "num_inliers": 0
    },
    {
      "frame": 45,
      "R": [
        [
          -0.15375651269712992,
          -0.25525838720091815,
          0.9545690601348885
        ],
        [
          0.7400324842881315,
          0.6103997554550025,
          0.2824253188699828
        ],
        [
          -0.6547601522707014,
          0.7498368451230287,
          0.09504656066573637
        ]
      ],
      "t": [
        2.283753078877689,
        -6.986233643424704,
        -4.474350258292037
      ],
      "num_matches": 350,
      "num_inliers": 510
    },
    {
      "frame": 46,
      "R": [
        [
          -0.1463631242123678,
          -0.26281718386838643,
          0.9536796966142705
        ],
        [
          0.740535689647036,
          0.6100873069058068,
          0.28178071316435294
        ],
        [
          -0.6558846912604248,
          0.7474761573561451,
          0.10533122022602494
        ]
      ],
      "t": [
        1.5507361681805207,
        -7.6540074629045804,
        -4.603827417085546
      ],
      "num_matches": 346,
      "num_inliers": 510
    },
    {
      "frame": 47,
      "R": [
        [
          -0.13946590769564124,
          -0.27151142971334596,
          0.9522766426441672
        ],
        [
          0.7407594622075753,
          0.6095798037126148,
          0.28229042147341205
        ],
        [
          -0.6571336848317653,
          0.7447778235424998,
          0.11610906001995848
        ]
      ],
      "t": [
        0.7939531554330258,
        -8.285881112987346,
        -4.771204721245674
      ],
      "num_matches": 350,
      "num_inliers": 765
    },
    {
      "frame": 48,
      "R": [
        [
          -0.1319752152562826,
          -0.27959171845166414,
          0.951005264723232
        ],
        [
          0.740801581535767,
          0.6096456085386777,
          0.2820376726318925
        ],
        [
          -0.6586315808949367,
          0.7417281867117825,
          0.1266638767963575
        ]
      ],
      "t": [
        -0.09389231240469464,
        -8.665013143618854,
        -4.5104570873364676
      ],
      "num_matches": 347,
      "num_inliers": 1275
    },
    {
      "frame": 49,
      "R": [
        [
          -0.6540408900824399,
          0.5002954576277334,
          0.5673931345876725
        ],
        [
          -0.7307815288184203,
          -0.6116442990646657,
          -0.30306700341592585
        ],
        [
          0.19541973093314138,
          -0.6128586350038223,
          0.7656470611602114
        ]
      ],
      "t": [
        -0.3710428564504389,
        -9.440879269832802,
        -3.9436949413449516
      ],
      "num_matches": 345,
      "num_inliers": 0
    },
    {
      "frame": 50,
      "R": [
        [
          -0.6564113342889377,
          0.5064888605129207,
          0.5591003437607044
        ],
        [
          -0.7306693981650652,
          -0.6112684528268667,
          -0.3040939150390119
        ],
        [
          0.18774022158855047,
          -0.6081282042094164,
          0.7713194516171042
        ]
      ],
      "t": [
        -0.9797522655762122,
        -8.871893540162155,
        -4.496621785215744
      ],
      "num_matches": 348,
      "num_inliers": 255
    },
    {
      "frame": 51,
      "R": [
        [
          -0.6595157376103203,
          0.5124432100450477,
          0.5499463140371436
        ],
        [
          -0.729801354179212,
          -0.6117833351276265,
          -0.30514117109677324
        ],
        [
          0.18008046890905063,
          -0.6025969692413355,
          0.7774624861552171
        ]
      ],
      "t": [
        -0.9821504348329657,
        -9.741524773962038,
        -4.002925759321356
      ],
      "num_matches": 350,
      "num_inliers": 0
    },
    {
      "frame": 52,
      "R": [
        [
          -0.6615663234904459,
          0.5191432279736036,
          0.5411287355819129
        ],
        [
          -0.7298680721397115,
          -0.6113960333319135,
          -0.30575723654079867
        ],
        [
          0.1721121637026141,
          -0.597231277877462,
          0.7833850929335177
        ]
      ],
      "t": [
        -0.4376783694661982,
        -10.304441977060614,
        -3.3810942769316936
      ],
      "num_matches": 351,
      "num_inliers": 510
    },
    {
      "frame": 53,
      "R": [
        [
          -0.9785846366497712,
          0.05173545507715694,
          0.19923742520168025
        ],
        [
          0.15724975257146953,
          0.8124798309508999,
          0.5613813673557484
        ],
        [
          -0.1328330690349653,
          0.5806892172117146,
          -0.8032156676664097
        ]
      ],
      "t": [
        -1.3478624910865538,
        -9.89787571589166,
        -3.3019189017871295
      ],
      "num_matches": 349,
      "num_inliers": 0
    },
    {
      "frame": 54,
      "R": [
        [
          -0.9772404102682317,
          0.04445128572328094,
          0.20742532086591042
        ],
        [
          0.1563072465532401,
          0.8119522805705534,
          0.5624069156324654
        ],
        [
          -0.1434197518256247,
          0.582028845740331,
          -0.8004206378601518
        ]
      ],
      "t": [
        -1.0532622534142493,
        -9.790510133999957,
        -4.25148897913186
      ],
      "num_matches": 349,
      "num_inliers": 0
    },
    {
      "frame": 55,
      "R": [
        [
          -0.9754326978714888,
          0.037652175748012696,
          0.21705613463938414
        ],
        [
          0.15651100054038206,
          0.8118340017613873,
          0.5625209865364502
        ],
        [
          -0.15503341134413148,
          0.5826730363124157,
          -0.7977824102607611
        ]
      ],
      "t": [
        -1.2039546886165877,
        -9.048366581786363,
        -4.90456993726843
      ],
      "num_matches": 349,
      "num_inliers": 2295
    },
    {
      "frame": 56,
      "R": [
        [
          -0.9737012206813718,
          0.030493249907638194,
          0.22577886206126205
        ],
        [
          0.15605604160229267,
          0.8112826407756888,
          0.5634420898863071
        ],
        [
          -0.16598929098900314,
          0.5838584061963075,
          -0.7947055535170704
        ]
      ],
      "t": [
        -1.4966213182228547,
        -8.536961046591342,
        -5.71253690595391
      ],
      "num_matches": 353,
      "num_inliers": 0
    },
    {
      "frame": 57,
      "R": [
        [
          -0.9714945692573228,
          0.023469574031993973,
          0.23589718310799523
        ],
        [
          0.15644021796171123,
          0.8111210214376605,
          0.5635682272680211
        ],
        [
          -0.17811445788487504,
          0.584407278938824,
          -0.7916712526141731
        ]
      ],
      "t": [
        -1.3390629397453155,
        -9.065427420956924,
        -4.878331506465016
      ],
      "num_matches": 351,
      "num_inliers": 765
    },
    {
      "frame": 58,
      "R": [
        [
          -0.9692757722441926,
          0.01789916702112883,
          0.24532447321939788
        ],
        [
          0.1577001426618925,
          0.8106267134206827,
          0.5639281838081889
        ],
        [
          -0.18877272669759376,
          0.5852896302760964,
          -0.788543534845365
        ]
      ],
      "t": [
        -1.1445446034260498,
        -8.278566254606396,
        -5.464003873685012
      ],
      "num_matches": 348,
      "num_inliers": 1275
    },
    {
      "frame": 59,
      "R": [
        [
          0.08226096049892005,
          0.6928813598929956,
          -0.7163438807518537
        ],
        [
          -0.3603644991306696,
          -0.6494656346168386,
          -0.6695758487416135
        ],
        [
          -0.9291773577439874,
          0.31322485623682134,
          0.19626417730019546
        ]
      ],
      "t": [
        -1.55626465044023,
        -9.111102304278154,
        -5.834638908299374
      ],
      "num_matches": 347,
      "num_inliers": 0
    },
    {
      "frame": 60,
      "R": [
        [
          0.09368255399469182,
          0.6891065043678956,
          -0.7185790177251832
        ],
        [
          -0.359927032822702,
          -0.6494961790459189,
          -0.6697814900758309
        ],
        [
          -0.9282651076715521,
          0.3213828543071458,
          0.18718159855314642
        ]
      ],
      "t": [
        -2.135052344156656,
        -9.905506092441602,
        -6.018832901018963
      ],
      "num_matches": 340,
      "num_inliers": 255
    },
    {
      "frame": 61,
      "R": [
        [
          0.10484940535684809,
          0.684624836584187,
          -0.7213150735485764
        ],
        [
          -0.35950382867515845,
          -0.6501696237396241,
          -0.6693552551031337
        ],
        [
          -0.9272343821085467,
          0.32949703109185635,
          0.1779553515279356
        ]
      ],
      "t": [
        -1.8319783541394934,
        -8.972308490477229,
        -5.825730875490945
      ],
      "num_matches": 342,
      "num_inliers": 765
    },
    {
      "frame": 62,
      "R": [
        [
          0.11573294633972211,
          0.6815028129334814,
          -0.722606255920385
        ],
        [
          -0.35919483790627377,
          -0.6495454559166691,
          -0.6701266813965068
        ],
        [
          -0.9260588283435419,
          0.3371121722242547,
          0.16961848302949817
        ]
      ],
      "t": [
        -2.7679293950428745,
        -9.324003672350939,
        -5.808233787770604
      ],
      "num_matches": 349,
      "num_inliers": 0
    },
    {
      "frame": 63,
      "R": [
        [
          0.1286187497173985,
          0.676929746342576,
          -0.724722937223396
        ],
        [
          -0.3594502742126393,
          -0.6492759042294838,
          -0.6702509235767212
        ],
        [
          -0.9242579280642351,
          0.34670869430050255,
          0.15981352792190345
        ]
      ],
      "t": [
        -2.994451355246252,
        -9.609061411736292,
        -6.739592948761748
      ],
      "num_matches": 347,
      "num_inliers": 0
    },
    {
      "frame": 64,
      "R": [
        [
          -0.007579748947866894,
          -0.7905269950048757,
          0.6123802883620967
        ],
        [
          0.9846632154737952,
          0.10084429918109866,
          0.1423684635566527
        ],
        [
          -0.17430117469109382,
          0.6040674610432449,
          0.777638478349723
        ]
      ],
      "t": [
        -2.075032951879678,
        -9.638574589353173,
        -6.347421083506461
      ],
      "num_matches": 341,
      "num_inliers": 0
    },
    {
      "frame": 65,
      "R": [
        [
          -0.004448685126430605,
          -0.7979690261203379,
          0.6026820410076948
        ],
        [
          0.984753678278512,
          0.1013112225437953,
          0.1414080241840073
        ],
        [
          -0.17389767772339024,
          0.5941224364886739,
          0.7853522318954557
        ]
      ],
      "t": [
        -2.3948972372871657,
        -10.148416778000827,
        -7.146012206419638
      ],
      "num_matches": 348,
      "num_inliers": 510
    },
    {
      "frame": 66,
      "R": [
        [
          -0.0024275538080575803,
          -0.8061616253649487,
          0.5916904095652116
        ],
        [
          0.984831577203718,
          0.10072921300241522,
          0.14128124500567282
        ],
        [
          -0.17349602740393477,
          0.5830583670927432,
          0.7936888994046705
        ]
      ],
      "t": [
        -2.440083079733465,
        -9.181141284870632,
        -7.395684711978734
      ],
      "num_matches": 349,
      "num_inliers": 0
    },
    {
      "frame": 67,
      "R": [
        [
          0.0008642502125101769,
          -0.813398479173984,
          0.5817062550368655
        ],
        [
          0.9848621718793062,
          0.10152369813823785,
          0.14049712138514997
        ],
        [
          -0.1733371151044889,
          0.572779061064372,
          0.8011731346803072
        ]
      ],
      "t": [
        -2.1076891250611975,
        -8.573848005711437,
        -6.674082929840274
      ],
      "num_matches": 340,
      "num_inliers": 510
    },
    {
      "frame": 68,
      "R": [
        [
          0.02756024864013087,
          0.9700515802172189,
          -0.24133040507355757
        ],
        [
          -0.9427535613405679,
          0.10549054102910187,
          0.3163660353657828
        ],
        [
          0.3323494475316169,
          0.21879597224688985,
          0.9174269274737726
        ]
      ],
      "t": [
        -2.0881689704102677,
        -8.417989957333777,
        -5.686496360309122
      ],
      "num_matches": 341,
      "num_inliers": 0
    },
    {
      "frame": 69,
      "R": [
        [
          0.02219396246237546,
          0.9671394842278053,
          -0.25327583003079807
        ],
        [
          -0.942620069839887,
          0.10465805496114379,
          0.3170395802842242
        ],
        [
          0.3331288518955779,
          0.2317065160484758,
          0.913967865110919
        ]
      ],
      "t": [
        -2.427161812233645,
        -8.770193834162106,
        -4.814122425382361
      ],
      "num_matches": 343,
      "num_inliers": 2805
    },
    {
      "frame": 70,
      "R": [
        [
          0.0184574862106229,
          0.9640268038202098,
          -0.26516342643541796
        ],
        [
          -0.9426586631789563,
          0.105174114969689,
          0.3167539270064475
        ],
        [
          0.33324760454720204,
          0.2441121198476854,
          0.9106894679346086
        ]
      ],
      "t": [
        -2.8757506900134624,
        -8.74241903534782,
        -3.92081588265301
      ],
      "num_matches": 344,
      "num_inliers": 255
    },
    {
      "frame": 71,
      "R": [
        [
          0.013006964218496465,
          0.9601128947296587,
          -0.27930995015510995
        ],
        [
          -0.9428028223426081,
          0.10482892758433227,
          0.3164391475850161
        ],
        [
          0.33309706853203014,
          0.2592182966446459,
          0.9065606530288065
        ]
      ],
      "t": [
        -2.7740206561693923,
        -9.695231597932622,
        -3.6348102519485277
      ],
      "num_matches": 337,
      "num_inliers": 0
    },
    {
      "frame": 72,
      "R": [
        [
          0.20431628010949832,
          -0.8700655610857405,
          0.44859868155709576
        ],
        [
          0.1545696463659993,
          -0.42384224448107627,
          -0.8924494250183225
        ],
        [
          0.9666245817816278,
          0.25168168627414506,
          0.047887855346623126
        ]
      ],
      "t": [
        -1.9190136547147718,
        -10.211702628177909,
        -3.587685922977777
      ],
      "num_matches": 338,
      "num_inliers": 0
    },
    {
      "frame": 73,
